{
 "cells": [
  {
   "cell_type": "markdown",
   "metadata": {},
   "source": [
    "# 1-Load the diabetes dataset using datasets()"
   ]
  },
  {
   "cell_type": "code",
   "execution_count": 2,
   "metadata": {},
   "outputs": [
    {
     "name": "stdout",
     "output_type": "stream",
     "text": [
      "Help on Bunch in module sklearn.utils object:\n",
      "\n",
      "class Bunch(builtins.dict)\n",
      " |  Bunch(**kwargs)\n",
      " |  \n",
      " |  Container object exposing keys as attributes\n",
      " |  \n",
      " |  Bunch objects are sometimes used as an output for functions and methods.\n",
      " |  They extend dictionaries by enabling values to be accessed by key,\n",
      " |  `bunch[\"value_key\"]`, or by an attribute, `bunch.value_key`.\n",
      " |  \n",
      " |  Examples\n",
      " |  --------\n",
      " |  >>> b = Bunch(a=1, b=2)\n",
      " |  >>> b['b']\n",
      " |  2\n",
      " |  >>> b.b\n",
      " |  2\n",
      " |  >>> b.a = 3\n",
      " |  >>> b['a']\n",
      " |  3\n",
      " |  >>> b.c = 6\n",
      " |  >>> b['c']\n",
      " |  6\n",
      " |  \n",
      " |  Method resolution order:\n",
      " |      Bunch\n",
      " |      builtins.dict\n",
      " |      builtins.object\n",
      " |  \n",
      " |  Methods defined here:\n",
      " |  \n",
      " |  __dir__(self)\n",
      " |      Default dir() implementation.\n",
      " |  \n",
      " |  __getattr__(self, key)\n",
      " |  \n",
      " |  __init__(self, **kwargs)\n",
      " |      Initialize self.  See help(type(self)) for accurate signature.\n",
      " |  \n",
      " |  __setattr__(self, key, value)\n",
      " |      Implement setattr(self, name, value).\n",
      " |  \n",
      " |  __setstate__(self, state)\n",
      " |  \n",
      " |  ----------------------------------------------------------------------\n",
      " |  Data descriptors defined here:\n",
      " |  \n",
      " |  __dict__\n",
      " |      dictionary for instance variables (if defined)\n",
      " |  \n",
      " |  __weakref__\n",
      " |      list of weak references to the object (if defined)\n",
      " |  \n",
      " |  ----------------------------------------------------------------------\n",
      " |  Methods inherited from builtins.dict:\n",
      " |  \n",
      " |  __contains__(self, key, /)\n",
      " |      True if the dictionary has the specified key, else False.\n",
      " |  \n",
      " |  __delitem__(self, key, /)\n",
      " |      Delete self[key].\n",
      " |  \n",
      " |  __eq__(self, value, /)\n",
      " |      Return self==value.\n",
      " |  \n",
      " |  __ge__(self, value, /)\n",
      " |      Return self>=value.\n",
      " |  \n",
      " |  __getattribute__(self, name, /)\n",
      " |      Return getattr(self, name).\n",
      " |  \n",
      " |  __getitem__(...)\n",
      " |      x.__getitem__(y) <==> x[y]\n",
      " |  \n",
      " |  __gt__(self, value, /)\n",
      " |      Return self>value.\n",
      " |  \n",
      " |  __iter__(self, /)\n",
      " |      Implement iter(self).\n",
      " |  \n",
      " |  __le__(self, value, /)\n",
      " |      Return self<=value.\n",
      " |  \n",
      " |  __len__(self, /)\n",
      " |      Return len(self).\n",
      " |  \n",
      " |  __lt__(self, value, /)\n",
      " |      Return self<value.\n",
      " |  \n",
      " |  __ne__(self, value, /)\n",
      " |      Return self!=value.\n",
      " |  \n",
      " |  __repr__(self, /)\n",
      " |      Return repr(self).\n",
      " |  \n",
      " |  __reversed__(self, /)\n",
      " |      Return a reverse iterator over the dict keys.\n",
      " |  \n",
      " |  __setitem__(self, key, value, /)\n",
      " |      Set self[key] to value.\n",
      " |  \n",
      " |  __sizeof__(...)\n",
      " |      D.__sizeof__() -> size of D in memory, in bytes\n",
      " |  \n",
      " |  clear(...)\n",
      " |      D.clear() -> None.  Remove all items from D.\n",
      " |  \n",
      " |  copy(...)\n",
      " |      D.copy() -> a shallow copy of D\n",
      " |  \n",
      " |  get(self, key, default=None, /)\n",
      " |      Return the value for key if key is in the dictionary, else default.\n",
      " |  \n",
      " |  items(...)\n",
      " |      D.items() -> a set-like object providing a view on D's items\n",
      " |  \n",
      " |  keys(...)\n",
      " |      D.keys() -> a set-like object providing a view on D's keys\n",
      " |  \n",
      " |  pop(...)\n",
      " |      D.pop(k[,d]) -> v, remove specified key and return the corresponding value.\n",
      " |      If key is not found, d is returned if given, otherwise KeyError is raised\n",
      " |  \n",
      " |  popitem(self, /)\n",
      " |      Remove and return a (key, value) pair as a 2-tuple.\n",
      " |      \n",
      " |      Pairs are returned in LIFO (last-in, first-out) order.\n",
      " |      Raises KeyError if the dict is empty.\n",
      " |  \n",
      " |  setdefault(self, key, default=None, /)\n",
      " |      Insert key with a value of default if key is not in the dictionary.\n",
      " |      \n",
      " |      Return the value for key if key is in the dictionary, else default.\n",
      " |  \n",
      " |  update(...)\n",
      " |      D.update([E, ]**F) -> None.  Update D from dict/iterable E and F.\n",
      " |      If E is present and has a .keys() method, then does:  for k in E: D[k] = E[k]\n",
      " |      If E is present and lacks a .keys() method, then does:  for k, v in E: D[k] = v\n",
      " |      In either case, this is followed by: for k in F:  D[k] = F[k]\n",
      " |  \n",
      " |  values(...)\n",
      " |      D.values() -> an object providing a view on D's values\n",
      " |  \n",
      " |  ----------------------------------------------------------------------\n",
      " |  Class methods inherited from builtins.dict:\n",
      " |  \n",
      " |  fromkeys(iterable, value=None, /) from builtins.type\n",
      " |      Create a new dictionary with keys from iterable and values set to value.\n",
      " |  \n",
      " |  ----------------------------------------------------------------------\n",
      " |  Static methods inherited from builtins.dict:\n",
      " |  \n",
      " |  __new__(*args, **kwargs) from builtins.type\n",
      " |      Create and return a new object.  See help(type) for accurate signature.\n",
      " |  \n",
      " |  ----------------------------------------------------------------------\n",
      " |  Data and other attributes inherited from builtins.dict:\n",
      " |  \n",
      " |  __hash__ = None\n",
      "\n",
      "None\n",
      "['age', 'sex', 'bmi', 'bp', 's1', 's2', 's3', 's4', 's5', 's6']\n",
      "[[ 0.03807591  0.05068012  0.06169621 ... -0.00259226  0.01990842\n",
      "  -0.01764613]\n",
      " [-0.00188202 -0.04464164 -0.05147406 ... -0.03949338 -0.06832974\n",
      "  -0.09220405]\n",
      " [ 0.08529891  0.05068012  0.04445121 ... -0.00259226  0.00286377\n",
      "  -0.02593034]\n",
      " ...\n",
      " [ 0.04170844  0.05068012 -0.01590626 ... -0.01107952 -0.04687948\n",
      "   0.01549073]\n",
      " [-0.04547248 -0.04464164  0.03906215 ...  0.02655962  0.04452837\n",
      "  -0.02593034]\n",
      " [-0.04547248 -0.04464164 -0.0730303  ... -0.03949338 -0.00421986\n",
      "   0.00306441]]\n"
     ]
    }
   ],
   "source": [
    "from sklearn import datasets\n",
    "import numpy as np\n",
    "diabetes = datasets.load_diabetes()\n",
    "names=diabetes.feature_names\n",
    "print(help(datasets.load_diabetes()))\n",
    "print(names)\n",
    "print(diabetes.data)\n",
    "\n"
   ]
  },
  {
   "cell_type": "code",
   "execution_count": 24,
   "metadata": {},
   "outputs": [
    {
     "name": "stdout",
     "output_type": "stream",
     "text": [
      "          0         1         2         3         4         5         6  \\\n",
      "0  1.000000  0.173737  0.185085  0.335427  0.260061  0.219243 -0.075181   \n",
      "1  0.173737  1.000000  0.088161  0.241013  0.035277  0.142637 -0.379090   \n",
      "2  0.185085  0.088161  1.000000  0.395415  0.249777  0.261170 -0.366811   \n",
      "3  0.335427  0.241013  0.395415  1.000000  0.242470  0.185558 -0.178761   \n",
      "4  0.260061  0.035277  0.249777  0.242470  1.000000  0.896663  0.051519   \n",
      "5  0.219243  0.142637  0.261170  0.185558  0.896663  1.000000 -0.196455   \n",
      "6 -0.075181 -0.379090 -0.366811 -0.178761  0.051519 -0.196455  1.000000   \n",
      "7  0.203841  0.332115  0.413807  0.257653  0.542207  0.659817 -0.738493   \n",
      "8  0.270777  0.149918  0.446159  0.393478  0.515501  0.318353 -0.398577   \n",
      "9  0.301731  0.208133  0.388680  0.390429  0.325717  0.290600 -0.273697   \n",
      "\n",
      "          7         8         9  \n",
      "0  0.203841  0.270777  0.301731  \n",
      "1  0.332115  0.149918  0.208133  \n",
      "2  0.413807  0.446159  0.388680  \n",
      "3  0.257653  0.393478  0.390429  \n",
      "4  0.542207  0.515501  0.325717  \n",
      "5  0.659817  0.318353  0.290600  \n",
      "6 -0.738493 -0.398577 -0.273697  \n",
      "7  1.000000  0.617857  0.417212  \n",
      "8  0.617857  1.000000  0.464670  \n",
      "9  0.417212  0.464670  1.000000  \n"
     ]
    }
   ],
   "source": [
    "import pandas as pd\n",
    "datalo=[]\n",
    "\n",
    "for i in range(0,len(Xarr)):\n",
    "      datalo.append( Xarr[i])\n",
    "df = pd.DataFrame(datalo)\n",
    "\n",
    "corrMatrix = df.corr()\n",
    "print (corrMatrix)"
   ]
  },
  {
   "cell_type": "markdown",
   "metadata": {},
   "source": [
    "# correlation matrix between all the variables\n",
    "        'age'     'sex'      'bmi'     'bp'      's1'     's2'      's3'        's4'      's5'      's6'\n",
    "      \n",
    "'age'  1.000000  0.173737  0.185085  0.335427  0.260061  0.219243 -0.075181    0.203841  0.270777  0.301731 \n",
    "'sex'  0.173737  1.000000  0.088161  0.241013  0.035277  0.142637 -0.379090    0.332115  0.149918  0.208133 \n",
    "'bmi'  0.185085  0.088161  1.000000  0.395415  0.249777  0.261170 -0.366811    0.413807  0.446159  0.388680 \n",
    "'bp'   0.335427  0.241013  0.395415  1.000000  0.242470  0.185558 -0.178761    0.257653  0.393478  0.390429  \n",
    "'s1'   0.260061  0.035277  0.249777  0.242470  1.000000  0.896663  0.051519    0.542207  0.515501  0.325717 \n",
    "'s2'   0.219243  0.142637  0.261170  0.185558  0.896663  1.000000 -0.196455    0.659817  0.318353  0.290600\n",
    "'s3'  -0.075181 -0.379090 -0.366811 -0.178761  0.051519 -0.196455  1.000000   -0.738493 -0.398577 -0.273697  \n",
    "'s4'   0.203841  0.332115  0.413807  0.257653  0.542207  0.659817 -0.738493    1.000000  0.617857  0.417212 \n",
    "'s5'   0.270777  0.149918  0.446159  0.393478  0.515501  0.318353 -0.398577    0.617857  1.000000  0.464670 \n",
    "'s6'   0.301731  0.208133  0.388680  0.390429  0.325717  0.290600 -0.273697    0.417212  0.464670  1.000000\n"
   ]
  },
  {
   "cell_type": "code",
   "execution_count": null,
   "metadata": {},
   "outputs": [],
   "source": []
  },
  {
   "cell_type": "code",
   "execution_count": null,
   "metadata": {},
   "outputs": [],
   "source": []
  }
 ],
 "metadata": {
  "kernelspec": {
   "display_name": "Python 3",
   "language": "python",
   "name": "python3"
  },
  "language_info": {
   "codemirror_mode": {
    "name": "ipython",
    "version": 3
   },
   "file_extension": ".py",
   "mimetype": "text/x-python",
   "name": "python",
   "nbconvert_exporter": "python",
   "pygments_lexer": "ipython3",
   "version": "3.8.5"
  }
 },
 "nbformat": 4,
 "nbformat_minor": 4
}
